101,1001,1002,1003,1004
102,1001,1002,1003,1004
103,1001,1002,1003,1004
104,1001,1002,1003,1004
105,1001,1002,1003,1004,1011,1012,1013,1014
106,1001,1002,1003,1004,1011,1012,1013,1014
107,1001,1002,1003,1004,1011,1012,1013,1014
108,1001,1002,1003,1004,1011,1012,1013,1014
109,1001,1002,1003,1004,1011,1012,1013,1014
110,1001,1002,1003,1004,1011,1012,1013,1014
111,1001,1002,1003,1004,1011,1012,1013,1014
112,1011,1012,1013,1014
113,1011,1012,1013,1014
114,1011,1012,1013,1014
115,1021,1022,1023,1024
116,1021,1022,1023,1024
117,1021,1022,1023,1024
118,1021,1022,1023,1024
119,1021,1022,1023,1024,1031,1032,1033,1034
120,1021,1022,1023,1024,1031,1032,1033,1034
121,1021,1022,1023,1024,1031,1032,1033,1034
122,1021,1022,1023,1024,1031,1032,1033,1034
123,1021,1022,1023,1024,1031,1032,1033,1034
124,1021,1022,1023,1024,1031,1032,1033,1034
125,1021,1022,1023,1024,1031,1032,1033,1034
126,1031,1032,1033,1034
127,1031,1032,1033,1034
128,1031,1032,1033,1034
129,1131,1141,1142
130,1131,1141,1142
131,1131,1141,1142
132,1131,1141,1142
133,1131,1141,1142
134,1131,1141,1142
135,1041,1042,1043,1044
136,1041,1042,1043,1044
137,1041,1042,1043,1044
138,1051,1052,1053,1054
139,1051,1052,1053,1054
140,1051,1052,1053,1054
141,1061,1062,1063,1064
142,1061,1062,1063,1064
143,1061,1062,1063,1064
144,1071,1072,1073,1073
145,1071,1072,1073,1073
146,1071,1072,1073,1073
147,1081,1082,1083,1084
148,1081,1082,1083,1084
149,1081,1082,1083,1084
150,1091,1092,1093,1094
151,1091,1092,1093,1094
152,1091,1092,1093,1094
153,1101,1102,1103,1104
154,1101,1102,1103,1104
155,1101,1102,1103,1104
156,1111,1112,1113,1114
157,1111,1112,1113,1114
158,1111,1112,1113,1114
159,1121,1122,1123,1124
160,1121,1122,1123,1124
161,1121,1122,1123,1124